{
 "cells": [
  {
   "cell_type": "code",
   "execution_count": 1,
   "metadata": {
    "collapsed": true
   },
   "outputs": [],
   "source": [
    "import torch\n",
    "import torchvision\n",
    "import torchvision.transforms as transforms\n",
    "\n"
   ]
  },
  {
   "cell_type": "code",
   "execution_count": 2,
   "metadata": {
    "collapsed": false
   },
   "outputs": [],
   "source": [
    "transform = transforms.Compose(\n",
    "    [transforms.ToTensor(),\n",
    "     transforms.Normalize((0.5, 0.5, 0.5), (0.5, 0.5, 0.5))])\n",
    "\n",
    "trainset = torchvision.datasets.CIFAR10(root='./data', train=True,\n",
    "                                        download=False, transform=transform)\n",
    "trainloader = torch.utils.data.DataLoader(trainset, batch_size=4,\n",
    "                                          shuffle=True, num_workers=2)\n",
    "\n",
    "testset = torchvision.datasets.CIFAR10(root='./data', train=False,\n",
    "                                       download=False, transform=transform)\n",
    "testloader = torch.utils.data.DataLoader(testset, batch_size=4,\n",
    "                                         shuffle=False, num_workers=2)\n",
    "\n",
    "classes = ('plane', 'car', 'bird', 'cat',\n",
    "           'deer', 'dog', 'frog', 'horse', 'ship', 'truck')"
   ]
  },
  {
   "cell_type": "code",
   "execution_count": 3,
   "metadata": {
    "collapsed": false
   },
   "outputs": [
    {
     "name": "stdout",
     "output_type": "stream",
     "text": [
      "cuda:0\n"
     ]
    }
   ],
   "source": [
    "device = torch.device(\"cuda:0\" if torch.cuda.is_available() else \"cpu\")\n",
    "\n",
    "# Assume that we are on a CUDA machine, then this should print a CUDA device:\n",
    "\n",
    "print(device)"
   ]
  },
  {
   "cell_type": "code",
   "execution_count": null,
   "metadata": {
    "collapsed": false
   },
   "outputs": [
    {
     "name": "stderr",
     "output_type": "stream",
     "text": [
      "G:\\Anaconda3\\lib\\site-packages\\ipykernel\\__main__.py:22: UserWarning: Implicit dimension choice for softmax has been deprecated. Change the call to include dim=X as an argument.\n"
     ]
    },
    {
     "name": "stdout",
     "output_type": "stream",
     "text": [
      "tensor([[ 0.1040,  0.1072,  0.1053,  0.0952,  0.0978,  0.1066,  0.1049,\n",
      "          0.0907,  0.0995,  0.0887],\n",
      "        [ 0.1037,  0.1080,  0.1047,  0.0947,  0.0974,  0.1052,  0.1063,\n",
      "          0.0915,  0.1001,  0.0885],\n",
      "        [ 0.1044,  0.1074,  0.1040,  0.0952,  0.0985,  0.1058,  0.1051,\n",
      "          0.0908,  0.1000,  0.0888],\n",
      "        [ 0.1041,  0.1076,  0.1044,  0.0960,  0.0972,  0.1057,  0.1048,\n",
      "          0.0906,  0.1004,  0.0892]])\n",
      "epoch : 1 , batch:     1 , loss: 2.303\n",
      "tensor([[ 0.1044,  0.1083,  0.1052,  0.0949,  0.0978,  0.1058,  0.1052,\n",
      "          0.0905,  0.0989,  0.0890],\n",
      "        [ 0.1045,  0.1080,  0.1046,  0.0949,  0.0976,  0.1062,  0.1046,\n",
      "          0.0905,  0.1000,  0.0892],\n",
      "        [ 0.1038,  0.1078,  0.1048,  0.0956,  0.0978,  0.1061,  0.1047,\n",
      "          0.0909,  0.1000,  0.0885],\n",
      "        [ 0.1034,  0.1085,  0.1057,  0.0950,  0.0970,  0.1058,  0.1053,\n",
      "          0.0911,  0.0998,  0.0883]])\n",
      "epoch : 1 , batch:     2 , loss: 2.302\n",
      "tensor([[ 0.1042,  0.1084,  0.1053,  0.0946,  0.0968,  0.1066,  0.1068,\n",
      "          0.0901,  0.0991,  0.0882],\n",
      "        [ 0.1045,  0.1087,  0.1058,  0.0950,  0.0968,  0.1047,  0.1060,\n",
      "          0.0905,  0.0995,  0.0886],\n",
      "        [ 0.1047,  0.1079,  0.1052,  0.0949,  0.0980,  0.1055,  0.1058,\n",
      "          0.0909,  0.0991,  0.0879],\n",
      "        [ 0.1044,  0.1084,  0.1052,  0.0951,  0.0974,  0.1051,  0.1058,\n",
      "          0.0906,  0.0996,  0.0886]])\n",
      "epoch : 1 , batch:     3 , loss: 2.301\n",
      "tensor([[ 0.1039,  0.1086,  0.1054,  0.0951,  0.0971,  0.1060,  0.1056,\n",
      "          0.0906,  0.0996,  0.0882],\n",
      "        [ 0.1045,  0.1071,  0.1052,  0.0950,  0.0975,  0.1065,  0.1051,\n",
      "          0.0906,  0.0995,  0.0889],\n",
      "        [ 0.1045,  0.1087,  0.1049,  0.0954,  0.0968,  0.1064,  0.1051,\n",
      "          0.0903,  0.0991,  0.0887],\n",
      "        [ 0.1039,  0.1075,  0.1055,  0.0951,  0.0975,  0.1066,  0.1050,\n",
      "          0.0907,  0.0994,  0.0888]])\n",
      "epoch : 1 , batch:     4 , loss: 2.296\n",
      "tensor([[ 0.1048,  0.1077,  0.1048,  0.0949,  0.0981,  0.1059,  0.1054,\n",
      "          0.0902,  0.0990,  0.0891],\n",
      "        [ 0.1049,  0.1087,  0.1054,  0.0943,  0.0973,  0.1056,  0.1060,\n",
      "          0.0901,  0.0992,  0.0886],\n",
      "        [ 0.1038,  0.1081,  0.1053,  0.0951,  0.0974,  0.1064,  0.1058,\n",
      "          0.0905,  0.0991,  0.0886],\n",
      "        [ 0.1031,  0.1079,  0.1044,  0.0952,  0.0970,  0.1064,  0.1054,\n",
      "          0.0910,  0.1004,  0.0891]])\n",
      "epoch : 1 , batch:     5 , loss: 2.304\n",
      "tensor([[ 0.1039,  0.1069,  0.1054,  0.0957,  0.0973,  0.1059,  0.1049,\n",
      "          0.0902,  0.1002,  0.0894],\n",
      "        [ 0.1053,  0.1087,  0.1045,  0.0956,  0.0968,  0.1057,  0.1046,\n",
      "          0.0901,  0.0999,  0.0887],\n",
      "        [ 0.1043,  0.1087,  0.1052,  0.0955,  0.0977,  0.1053,  0.1059,\n",
      "          0.0900,  0.0990,  0.0884],\n",
      "        [ 0.1038,  0.1087,  0.1055,  0.0945,  0.0976,  0.1059,  0.1055,\n",
      "          0.0904,  0.0995,  0.0887]])\n",
      "epoch : 1 , batch:     6 , loss: 2.306\n",
      "tensor([[ 0.1046,  0.1082,  0.1041,  0.0954,  0.0974,  0.1053,  0.1052,\n",
      "          0.0904,  0.1000,  0.0894],\n",
      "        [ 0.1037,  0.1093,  0.1049,  0.0964,  0.0983,  0.1047,  0.1064,\n",
      "          0.0902,  0.0978,  0.0883],\n",
      "        [ 0.1047,  0.1082,  0.1050,  0.0951,  0.0979,  0.1054,  0.1057,\n",
      "          0.0904,  0.0989,  0.0887],\n",
      "        [ 0.1037,  0.1095,  0.1050,  0.0948,  0.0979,  0.1047,  0.1067,\n",
      "          0.0906,  0.0980,  0.0892]])\n",
      "epoch : 1 , batch:     7 , loss: 2.301\n",
      "tensor([[ 0.1041,  0.1077,  0.1041,  0.0947,  0.0974,  0.1067,  0.1050,\n",
      "          0.0909,  0.1004,  0.0890],\n",
      "        [ 0.1034,  0.1072,  0.1042,  0.0942,  0.0986,  0.1070,  0.1056,\n",
      "          0.0903,  0.0999,  0.0895],\n",
      "        [ 0.1042,  0.1081,  0.1051,  0.0948,  0.0970,  0.1062,  0.1049,\n",
      "          0.0906,  0.1003,  0.0888],\n",
      "        [ 0.1043,  0.1074,  0.1050,  0.0947,  0.0977,  0.1059,  0.1054,\n",
      "          0.0909,  0.0995,  0.0892]])\n",
      "epoch : 1 , batch:     8 , loss: 2.300\n",
      "tensor([[ 0.1036,  0.1087,  0.1058,  0.0954,  0.0977,  0.1055,  0.1056,\n",
      "          0.0907,  0.0992,  0.0878],\n",
      "        [ 0.1054,  0.1084,  0.1046,  0.0948,  0.0988,  0.1043,  0.1048,\n",
      "          0.0905,  0.0993,  0.0891],\n",
      "        [ 0.1040,  0.1074,  0.1057,  0.0954,  0.0975,  0.1061,  0.1042,\n",
      "          0.0905,  0.1005,  0.0887],\n",
      "        [ 0.1042,  0.1076,  0.1050,  0.0951,  0.0979,  0.1062,  0.1054,\n",
      "          0.0902,  0.0997,  0.0888]])\n",
      "epoch : 1 , batch:     9 , loss: 2.297\n",
      "tensor([[ 0.1037,  0.1078,  0.1048,  0.0940,  0.0978,  0.1073,  0.1043,\n",
      "          0.0904,  0.1004,  0.0895],\n",
      "        [ 0.1038,  0.1073,  0.1055,  0.0947,  0.0976,  0.1064,  0.1058,\n",
      "          0.0904,  0.0994,  0.0891],\n",
      "        [ 0.1042,  0.1081,  0.1059,  0.0946,  0.0971,  0.1062,  0.1061,\n",
      "          0.0901,  0.0993,  0.0884],\n",
      "        [ 0.1046,  0.1088,  0.1061,  0.0944,  0.0967,  0.1048,  0.1061,\n",
      "          0.0907,  0.0994,  0.0883]])\n",
      "epoch : 1 , batch:    10 , loss: 2.300\n",
      "tensor([[ 0.1039,  0.1078,  0.1051,  0.0954,  0.0973,  0.1057,  0.1049,\n",
      "          0.0907,  0.1000,  0.0892],\n",
      "        [ 0.1035,  0.1089,  0.1048,  0.0952,  0.0973,  0.1065,  0.1051,\n",
      "          0.0894,  0.0998,  0.0894],\n",
      "        [ 0.1044,  0.1081,  0.1048,  0.0955,  0.0977,  0.1060,  0.1053,\n",
      "          0.0907,  0.0988,  0.0887],\n",
      "        [ 0.1047,  0.1085,  0.1043,  0.0945,  0.0974,  0.1054,  0.1067,\n",
      "          0.0907,  0.0989,  0.0887]])\n",
      "epoch : 1 , batch:    11 , loss: 2.304\n",
      "tensor([[ 0.1037,  0.1068,  0.1048,  0.0948,  0.0976,  0.1070,  0.1048,\n",
      "          0.0910,  0.0999,  0.0896],\n",
      "        [ 0.1044,  0.1070,  0.1053,  0.0952,  0.0981,  0.1061,  0.1049,\n",
      "          0.0909,  0.0995,  0.0886],\n",
      "        [ 0.1042,  0.1075,  0.1049,  0.0944,  0.0981,  0.1071,  0.1050,\n",
      "          0.0899,  0.0998,  0.0890],\n",
      "        [ 0.1041,  0.1083,  0.1041,  0.0957,  0.0976,  0.1049,  0.1057,\n",
      "          0.0911,  0.0997,  0.0889]])\n",
      "epoch : 1 , batch:    12 , loss: 2.297\n",
      "tensor([[ 0.1047,  0.1081,  0.1048,  0.0957,  0.0974,  0.1056,  0.1056,\n",
      "          0.0903,  0.0990,  0.0888],\n",
      "        [ 0.1043,  0.1074,  0.1053,  0.0954,  0.0970,  0.1063,  0.1052,\n",
      "          0.0901,  0.0995,  0.0894],\n",
      "        [ 0.1038,  0.1085,  0.1054,  0.0955,  0.0967,  0.1058,  0.1050,\n",
      "          0.0909,  0.0994,  0.0890],\n",
      "        [ 0.1043,  0.1081,  0.1049,  0.0951,  0.0985,  0.1052,  0.1059,\n",
      "          0.0912,  0.0984,  0.0884]])\n",
      "epoch : 1 , batch:    13 , loss: 2.299\n",
      "tensor([[ 0.1036,  0.1078,  0.1053,  0.0951,  0.0972,  0.1061,  0.1055,\n",
      "          0.0909,  0.1002,  0.0883],\n",
      "        [ 0.1036,  0.1073,  0.1052,  0.0947,  0.0977,  0.1075,  0.1051,\n",
      "          0.0907,  0.0997,  0.0884],\n",
      "        [ 0.1039,  0.1082,  0.1050,  0.0947,  0.0976,  0.1054,  0.1060,\n",
      "          0.0910,  0.0989,  0.0892],\n",
      "        [ 0.1043,  0.1081,  0.1056,  0.0944,  0.0970,  0.1064,  0.1060,\n",
      "          0.0901,  0.0993,  0.0889]])\n",
      "epoch : 1 , batch:    14 , loss: 2.304\n",
      "tensor([[ 0.1044,  0.1081,  0.1057,  0.0948,  0.0981,  0.1061,  0.1048,\n",
      "          0.0908,  0.0989,  0.0882],\n",
      "        [ 0.1036,  0.1088,  0.1056,  0.0947,  0.0973,  0.1047,  0.1066,\n",
      "          0.0902,  0.0999,  0.0885],\n",
      "        [ 0.1045,  0.1081,  0.1057,  0.0950,  0.0973,  0.1062,  0.1061,\n",
      "          0.0899,  0.0988,  0.0884],\n",
      "        [ 0.1036,  0.1081,  0.1052,  0.0953,  0.0970,  0.1061,  0.1053,\n",
      "          0.0905,  0.0997,  0.0889]])\n",
      "epoch : 1 , batch:    15 , loss: 2.297\n",
      "tensor([[ 0.1038,  0.1085,  0.1058,  0.0952,  0.0971,  0.1053,  0.1058,\n",
      "          0.0905,  0.0992,  0.0889],\n",
      "        [ 0.1051,  0.1083,  0.1052,  0.0945,  0.0966,  0.1065,  0.1046,\n",
      "          0.0902,  0.1002,  0.0887],\n",
      "        [ 0.1043,  0.1081,  0.1045,  0.0948,  0.0977,  0.1065,  0.1049,\n",
      "          0.0904,  0.1001,  0.0886],\n",
      "        [ 0.1042,  0.1082,  0.1045,  0.0955,  0.0972,  0.1067,  0.1050,\n",
      "          0.0897,  0.0996,  0.0894]])\n",
      "epoch : 1 , batch:    16 , loss: 2.305\n",
      "tensor([[ 0.1047,  0.1083,  0.1051,  0.0950,  0.0974,  0.1057,  0.1059,\n",
      "          0.0900,  0.0993,  0.0885],\n",
      "        [ 0.1047,  0.1080,  0.1055,  0.0944,  0.0975,  0.1077,  0.1050,\n",
      "          0.0897,  0.0989,  0.0887],\n",
      "        [ 0.1048,  0.1093,  0.1048,  0.0944,  0.0985,  0.1051,  0.1058,\n",
      "          0.0902,  0.0984,  0.0887],\n",
      "        [ 0.1043,  0.1077,  0.1057,  0.0957,  0.0976,  0.1058,  0.1055,\n",
      "          0.0910,  0.0986,  0.0882]])\n",
      "epoch : 1 , batch:    17 , loss: 2.307\n",
      "tensor([[ 0.1041,  0.1085,  0.1048,  0.0941,  0.0975,  0.1067,  0.1054,\n",
      "          0.0898,  0.1006,  0.0887],\n",
      "        [ 0.1053,  0.1077,  0.1044,  0.0949,  0.0982,  0.1057,  0.1043,\n",
      "          0.0903,  0.0999,  0.0894],\n",
      "        [ 0.1032,  0.1087,  0.1060,  0.0944,  0.0966,  0.1062,  0.1060,\n",
      "          0.0902,  0.1002,  0.0885],\n",
      "        [ 0.1045,  0.1077,  0.1051,  0.0951,  0.0977,  0.1062,  0.1049,\n",
      "          0.0906,  0.0997,  0.0885]])\n",
      "epoch : 1 , batch:    18 , loss: 2.305\n",
      "tensor([[ 0.1040,  0.1088,  0.1042,  0.0953,  0.0966,  0.1068,  0.1049,\n",
      "          0.0905,  0.1001,  0.0887],\n",
      "        [ 0.1038,  0.1078,  0.1038,  0.0951,  0.0982,  0.1073,  0.1050,\n",
      "          0.0901,  0.0998,  0.0890],\n",
      "        [ 0.1046,  0.1076,  0.1054,  0.0950,  0.0976,  0.1062,  0.1053,\n",
      "          0.0903,  0.0991,  0.0889],\n",
      "        [ 0.1048,  0.1087,  0.1048,  0.0950,  0.0976,  0.1054,  0.1054,\n",
      "          0.0910,  0.0981,  0.0892]])\n",
      "epoch : 1 , batch:    19 , loss: 2.301\n",
      "tensor([[ 0.1041,  0.1078,  0.1053,  0.0953,  0.0973,  0.1059,  0.1056,\n",
      "          0.0908,  0.0990,  0.0889],\n",
      "        [ 0.1042,  0.1075,  0.1057,  0.0949,  0.0977,  0.1054,  0.1059,\n",
      "          0.0910,  0.0994,  0.0883],\n",
      "        [ 0.1037,  0.1079,  0.1051,  0.0951,  0.0975,  0.1064,  0.1058,\n",
      "          0.0903,  0.0995,  0.0887],\n",
      "        [ 0.1048,  0.1082,  0.1059,  0.0947,  0.0963,  0.1064,  0.1052,\n",
      "          0.0906,  0.0998,  0.0881]])\n",
      "epoch : 1 , batch:    20 , loss: 2.302\n",
      "tensor([[ 0.1038,  0.1086,  0.1051,  0.0956,  0.0972,  0.1055,  0.1056,\n",
      "          0.0906,  0.0992,  0.0889],\n",
      "        [ 0.1034,  0.1081,  0.1058,  0.0950,  0.0969,  0.1064,  0.1059,\n",
      "          0.0902,  0.0995,  0.0888],\n",
      "        [ 0.1041,  0.1077,  0.1050,  0.0950,  0.0977,  0.1069,  0.1049,\n",
      "          0.0906,  0.0990,  0.0891],\n",
      "        [ 0.1037,  0.1084,  0.1048,  0.0951,  0.0969,  0.1058,  0.1052,\n",
      "          0.0910,  0.1003,  0.0887]])\n",
      "epoch : 1 , batch:    21 , loss: 2.306\n",
      "tensor([[ 0.1044,  0.1083,  0.1053,  0.0950,  0.0972,  0.1060,  0.1058,\n",
      "          0.0904,  0.0989,  0.0890],\n",
      "        [ 0.1038,  0.1079,  0.1053,  0.0956,  0.0976,  0.1056,  0.1050,\n",
      "          0.0908,  0.0997,  0.0886],\n",
      "        [ 0.1044,  0.1087,  0.1057,  0.0955,  0.0970,  0.1055,  0.1053,\n",
      "          0.0899,  0.0996,  0.0886],\n",
      "        [ 0.1047,  0.1083,  0.1051,  0.0950,  0.0975,  0.1057,  0.1047,\n",
      "          0.0905,  0.0990,  0.0895]])\n",
      "epoch : 1 , batch:    22 , loss: 2.307\n",
      "tensor([[ 0.1044,  0.1084,  0.1052,  0.0949,  0.0974,  0.1059,  0.1056,\n",
      "          0.0906,  0.0988,  0.0888],\n",
      "        [ 0.1034,  0.1097,  0.1050,  0.0950,  0.0969,  0.1060,  0.1051,\n",
      "          0.0901,  0.0997,  0.0891],\n",
      "        [ 0.1055,  0.1091,  0.1045,  0.0947,  0.0976,  0.1047,  0.1041,\n",
      "          0.0911,  0.1000,  0.0887],\n",
      "        [ 0.1038,  0.1084,  0.1046,  0.0949,  0.0982,  0.1053,  0.1058,\n",
      "          0.0907,  0.0999,  0.0884]])\n",
      "epoch : 1 , batch:    23 , loss: 2.298\n",
      "tensor([[ 0.1042,  0.1072,  0.1050,  0.0948,  0.0982,  0.1061,  0.1054,\n",
      "          0.0906,  0.0996,  0.0889],\n",
      "        [ 0.1040,  0.1082,  0.1042,  0.0950,  0.0984,  0.1061,  0.1052,\n",
      "          0.0911,  0.0991,  0.0886],\n",
      "        [ 0.1041,  0.1084,  0.1059,  0.0950,  0.0971,  0.1056,  0.1050,\n",
      "          0.0909,  0.0994,  0.0886],\n",
      "        [ 0.1045,  0.1080,  0.1051,  0.0950,  0.0973,  0.1061,  0.1056,\n",
      "          0.0901,  0.0993,  0.0890]])\n",
      "epoch : 1 , batch:    24 , loss: 2.303\n",
      "tensor([[ 0.1037,  0.1083,  0.1048,  0.0938,  0.0982,  0.1065,  0.1057,\n",
      "          0.0908,  0.0993,  0.0890],\n",
      "        [ 0.1033,  0.1082,  0.1051,  0.0956,  0.0979,  0.1052,  0.1053,\n",
      "          0.0911,  0.0995,  0.0889],\n",
      "        [ 0.1045,  0.1084,  0.1048,  0.0956,  0.0975,  0.1059,  0.1051,\n",
      "          0.0907,  0.0989,  0.0885],\n",
      "        [ 0.1038,  0.1094,  0.1049,  0.0958,  0.0972,  0.1055,  0.1048,\n",
      "          0.0906,  0.0995,  0.0885]])\n",
      "epoch : 1 , batch:    25 , loss: 2.300\n",
      "tensor([[ 0.1026,  0.1089,  0.1046,  0.0953,  0.0972,  0.1059,  0.1063,\n",
      "          0.0905,  0.0998,  0.0889],\n",
      "        [ 0.1044,  0.1077,  0.1047,  0.0952,  0.0969,  0.1067,  0.1049,\n",
      "          0.0902,  0.1002,  0.0891],\n",
      "        [ 0.1031,  0.1080,  0.1054,  0.0953,  0.0971,  0.1066,  0.1045,\n",
      "          0.0909,  0.1003,  0.0888],\n",
      "        [ 0.1033,  0.1078,  0.1055,  0.0952,  0.0976,  0.1059,  0.1055,\n",
      "          0.0913,  0.0994,  0.0887]])\n",
      "epoch : 1 , batch:    26 , loss: 2.300\n",
      "tensor([[ 0.1049,  0.1076,  0.1049,  0.0957,  0.0975,  0.1061,  0.1051,\n",
      "          0.0905,  0.0987,  0.0889],\n",
      "        [ 0.1037,  0.1078,  0.1053,  0.0953,  0.0975,  0.1062,  0.1050,\n",
      "          0.0908,  0.0997,  0.0888],\n",
      "        [ 0.1049,  0.1092,  0.1046,  0.0947,  0.0973,  0.1059,  0.1050,\n",
      "          0.0898,  0.0999,  0.0887],\n",
      "        [ 0.1037,  0.1078,  0.1058,  0.0951,  0.0974,  0.1063,  0.1049,\n",
      "          0.0907,  0.0998,  0.0887]])\n",
      "epoch : 1 , batch:    27 , loss: 2.300\n",
      "tensor([[ 0.1044,  0.1086,  0.1049,  0.0956,  0.0967,  0.1055,  0.1052,\n",
      "          0.0905,  0.1000,  0.0886],\n",
      "        [ 0.1035,  0.1082,  0.1045,  0.0943,  0.0981,  0.1060,  0.1067,\n",
      "          0.0902,  0.0999,  0.0886],\n",
      "        [ 0.1047,  0.1081,  0.1049,  0.0947,  0.0968,  0.1065,  0.1050,\n",
      "          0.0905,  0.0997,  0.0889],\n",
      "        [ 0.1046,  0.1080,  0.1052,  0.0948,  0.0976,  0.1059,  0.1056,\n",
      "          0.0901,  0.0998,  0.0883]])\n",
      "epoch : 1 , batch:    28 , loss: 2.304\n",
      "tensor([[ 0.1035,  0.1077,  0.1048,  0.0951,  0.0978,  0.1067,  0.1054,\n",
      "          0.0903,  0.0995,  0.0892],\n",
      "        [ 0.1044,  0.1077,  0.1053,  0.0949,  0.0975,  0.1066,  0.1043,\n",
      "          0.0908,  0.0996,  0.0889],\n",
      "        [ 0.1040,  0.1077,  0.1052,  0.0949,  0.0975,  0.1068,  0.1043,\n",
      "          0.0906,  0.1005,  0.0886],\n",
      "        [ 0.1035,  0.1088,  0.1044,  0.0947,  0.0978,  0.1059,  0.1060,\n",
      "          0.0906,  0.1000,  0.0884]])\n",
      "epoch : 1 , batch:    29 , loss: 2.302\n",
      "tensor([[ 0.1039,  0.1085,  0.1052,  0.0949,  0.0971,  0.1066,  0.1060,\n",
      "          0.0904,  0.0991,  0.0882],\n",
      "        [ 0.1042,  0.1086,  0.1042,  0.0945,  0.0974,  0.1066,  0.1050,\n",
      "          0.0904,  0.1000,  0.0891],\n",
      "        [ 0.1033,  0.1073,  0.1045,  0.0953,  0.0984,  0.1060,  0.1055,\n",
      "          0.0907,  0.1003,  0.0886],\n",
      "        [ 0.1039,  0.1079,  0.1055,  0.0950,  0.0977,  0.1064,  0.1053,\n",
      "          0.0906,  0.0994,  0.0882]])\n",
      "epoch : 1 , batch:    30 , loss: 2.298\n",
      "tensor([[ 0.1045,  0.1078,  0.1049,  0.0950,  0.0978,  0.1058,  0.1050,\n",
      "          0.0902,  0.0995,  0.0893],\n",
      "        [ 0.1050,  0.1088,  0.1054,  0.0942,  0.0969,  0.1067,  0.1049,\n",
      "          0.0904,  0.0990,  0.0887],\n",
      "        [ 0.1047,  0.1082,  0.1045,  0.0946,  0.0978,  0.1054,  0.1055,\n",
      "          0.0906,  0.0996,  0.0890],\n",
      "        [ 0.1040,  0.1086,  0.1050,  0.0952,  0.0976,  0.1058,  0.1052,\n",
      "          0.0906,  0.0999,  0.0881]])\n",
      "epoch : 1 , batch:    31 , loss: 2.302\n",
      "tensor([[ 0.1047,  0.1085,  0.1047,  0.0953,  0.0976,  0.1059,  0.1055,\n",
      "          0.0903,  0.0993,  0.0882],\n",
      "        [ 0.1038,  0.1090,  0.1047,  0.0949,  0.0969,  0.1059,  0.1055,\n",
      "          0.0907,  0.1002,  0.0884],\n",
      "        [ 0.1049,  0.1086,  0.1044,  0.0949,  0.0965,  0.1061,  0.1043,\n",
      "          0.0903,  0.1008,  0.0891],\n",
      "        [ 0.1031,  0.1086,  0.1052,  0.0942,  0.0976,  0.1058,  0.1065,\n",
      "          0.0910,  0.0997,  0.0884]])\n",
      "epoch : 1 , batch:    32 , loss: 2.297\n",
      "tensor([[ 0.1043,  0.1093,  0.1046,  0.0946,  0.0976,  0.1059,  0.1055,\n",
      "          0.0897,  0.0990,  0.0893],\n",
      "        [ 0.1040,  0.1087,  0.1044,  0.0944,  0.0976,  0.1059,  0.1051,\n",
      "          0.0901,  0.1008,  0.0890],\n",
      "        [ 0.1041,  0.1082,  0.1051,  0.0942,  0.0978,  0.1067,  0.1056,\n",
      "          0.0900,  0.0997,  0.0886],\n",
      "        [ 0.1049,  0.1083,  0.1055,  0.0946,  0.0969,  0.1059,  0.1046,\n",
      "          0.0906,  0.0999,  0.0889]])\n",
      "epoch : 1 , batch:    33 , loss: 2.301\n",
      "tensor([[ 0.1044,  0.1079,  0.1052,  0.0949,  0.0968,  0.1069,  0.1049,\n",
      "          0.0902,  0.1000,  0.0886],\n",
      "        [ 0.1039,  0.1085,  0.1050,  0.0955,  0.0973,  0.1058,  0.1051,\n",
      "          0.0905,  0.0997,  0.0888],\n",
      "        [ 0.1046,  0.1082,  0.1047,  0.0959,  0.0973,  0.1059,  0.1049,\n",
      "          0.0901,  0.0995,  0.0890],\n",
      "        [ 0.1041,  0.1083,  0.1046,  0.0952,  0.0976,  0.1065,  0.1050,\n",
      "          0.0904,  0.1004,  0.0880]])\n",
      "epoch : 1 , batch:    34 , loss: 2.301\n",
      "tensor([[ 0.1033,  0.1085,  0.1047,  0.0958,  0.0966,  0.1062,  0.1053,\n",
      "          0.0914,  0.0999,  0.0882],\n",
      "        [ 0.1042,  0.1078,  0.1048,  0.0949,  0.0980,  0.1058,  0.1044,\n",
      "          0.0908,  0.1001,  0.0894],\n",
      "        [ 0.1038,  0.1083,  0.1047,  0.0948,  0.0970,  0.1061,  0.1054,\n",
      "          0.0905,  0.1006,  0.0888],\n",
      "        [ 0.1050,  0.1080,  0.1049,  0.0956,  0.0970,  0.1061,  0.1044,\n",
      "          0.0905,  0.0997,  0.0888]])\n",
      "epoch : 1 , batch:    35 , loss: 2.307\n",
      "tensor([[ 0.1048,  0.1092,  0.1048,  0.0958,  0.0969,  0.1048,  0.1062,\n",
      "          0.0909,  0.0983,  0.0883],\n",
      "        [ 0.1040,  0.1075,  0.1056,  0.0949,  0.0976,  0.1066,  0.1050,\n",
      "          0.0907,  0.0996,  0.0886],\n",
      "        [ 0.1049,  0.1081,  0.1049,  0.0943,  0.0976,  0.1058,  0.1054,\n",
      "          0.0901,  0.1000,  0.0889],\n",
      "        [ 0.1041,  0.1076,  0.1047,  0.0954,  0.0979,  0.1053,  0.1055,\n",
      "          0.0907,  0.0999,  0.0889]])\n",
      "epoch : 1 , batch:    36 , loss: 2.300\n",
      "tensor([[ 0.1043,  0.1081,  0.1047,  0.0948,  0.0977,  0.1062,  0.1054,\n",
      "          0.0901,  0.0998,  0.0890],\n",
      "        [ 0.1044,  0.1084,  0.1055,  0.0951,  0.0968,  0.1052,  0.1045,\n",
      "          0.0909,  0.1009,  0.0882],\n",
      "        [ 0.1036,  0.1075,  0.1049,  0.0954,  0.0975,  0.1064,  0.1044,\n",
      "          0.0907,  0.1007,  0.0890],\n",
      "        [ 0.1039,  0.1085,  0.1050,  0.0944,  0.0977,  0.1062,  0.1053,\n",
      "          0.0903,  0.1001,  0.0886]])\n",
      "epoch : 1 , batch:    37 , loss: 2.304\n",
      "tensor([[ 0.1037,  0.1085,  0.1042,  0.0960,  0.0967,  0.1056,  0.1051,\n",
      "          0.0904,  0.1007,  0.0891],\n",
      "        [ 0.1039,  0.1085,  0.1043,  0.0957,  0.0975,  0.1053,  0.1049,\n",
      "          0.0907,  0.1008,  0.0883],\n",
      "        [ 0.1039,  0.1083,  0.1050,  0.0950,  0.0970,  0.1059,  0.1050,\n",
      "          0.0906,  0.1005,  0.0887],\n",
      "        [ 0.1044,  0.1092,  0.1054,  0.0950,  0.0971,  0.1052,  0.1062,\n",
      "          0.0910,  0.0991,  0.0876]])\n",
      "epoch : 1 , batch:    38 , loss: 2.304\n",
      "tensor([[ 0.1043,  0.1083,  0.1055,  0.0953,  0.0974,  0.1054,  0.1052,\n",
      "          0.0911,  0.0993,  0.0883],\n",
      "        [ 0.1038,  0.1077,  0.1050,  0.0952,  0.0974,  0.1067,  0.1050,\n",
      "          0.0905,  0.1000,  0.0886],\n",
      "        [ 0.1049,  0.1094,  0.1039,  0.0954,  0.0965,  0.1055,  0.1046,\n",
      "          0.0902,  0.1011,  0.0887],\n",
      "        [ 0.1044,  0.1088,  0.1053,  0.0953,  0.0967,  0.1059,  0.1056,\n",
      "          0.0900,  0.0994,  0.0886]])\n",
      "epoch : 1 , batch:    39 , loss: 2.299\n",
      "tensor([[ 0.1039,  0.1096,  0.1044,  0.0951,  0.0968,  0.1056,  0.1054,\n",
      "          0.0903,  0.1001,  0.0888],\n",
      "        [ 0.1042,  0.1078,  0.1048,  0.0951,  0.0971,  0.1058,  0.1051,\n",
      "          0.0910,  0.1001,  0.0889],\n",
      "        [ 0.1041,  0.1079,  0.1049,  0.0951,  0.0978,  0.1064,  0.1057,\n",
      "          0.0899,  0.0994,  0.0889],\n",
      "        [ 0.1055,  0.1080,  0.1046,  0.0951,  0.0970,  0.1062,  0.1053,\n",
      "          0.0904,  0.0994,  0.0886]])\n",
      "epoch : 1 , batch:    40 , loss: 2.300\n",
      "tensor([[ 0.1038,  0.1082,  0.1048,  0.0954,  0.0966,  0.1063,  0.1048,\n",
      "          0.0906,  0.1006,  0.0890],\n",
      "        [ 0.1034,  0.1088,  0.1042,  0.0955,  0.0963,  0.1061,  0.1058,\n",
      "          0.0911,  0.1008,  0.0880],\n",
      "        [ 0.1044,  0.1079,  0.1053,  0.0953,  0.0975,  0.1058,  0.1055,\n",
      "          0.0909,  0.0990,  0.0885],\n",
      "        [ 0.1041,  0.1076,  0.1049,  0.0949,  0.0980,  0.1064,  0.1053,\n",
      "          0.0905,  0.0999,  0.0886]])\n",
      "epoch : 1 , batch:    41 , loss: 2.301\n",
      "tensor([[ 0.1046,  0.1087,  0.1054,  0.0941,  0.0977,  0.1059,  0.1058,\n",
      "          0.0904,  0.0992,  0.0882],\n",
      "        [ 0.1047,  0.1087,  0.1044,  0.0948,  0.0972,  0.1065,  0.1049,\n",
      "          0.0900,  0.0997,  0.0890],\n",
      "        [ 0.1046,  0.1090,  0.1050,  0.0947,  0.0977,  0.1054,  0.1058,\n",
      "          0.0904,  0.0991,  0.0882],\n",
      "        [ 0.1050,  0.1096,  0.1045,  0.0959,  0.0965,  0.1052,  0.1049,\n",
      "          0.0897,  0.1002,  0.0885]])\n",
      "epoch : 1 , batch:    42 , loss: 2.309\n",
      "tensor([[ 0.1032,  0.1087,  0.1049,  0.0958,  0.0966,  0.1055,  0.1052,\n",
      "          0.0915,  0.1000,  0.0887],\n",
      "        [ 0.1042,  0.1088,  0.1053,  0.0954,  0.0965,  0.1065,  0.1045,\n",
      "          0.0907,  0.1004,  0.0876],\n",
      "        [ 0.1043,  0.1087,  0.1047,  0.0941,  0.0978,  0.1059,  0.1055,\n",
      "          0.0898,  0.1001,  0.0891],\n",
      "        [ 0.1049,  0.1088,  0.1044,  0.0944,  0.0975,  0.1061,  0.1052,\n",
      "          0.0900,  0.0997,  0.0890]])\n",
      "epoch : 1 , batch:    43 , loss: 2.299\n",
      "tensor([[ 0.1036,  0.1077,  0.1046,  0.0950,  0.0978,  0.1066,  0.1045,\n",
      "          0.0910,  0.1004,  0.0890],\n",
      "        [ 0.1044,  0.1086,  0.1055,  0.0947,  0.0973,  0.1059,  0.1052,\n",
      "          0.0911,  0.0998,  0.0874],\n",
      "        [ 0.1056,  0.1076,  0.1052,  0.0956,  0.0964,  0.1058,  0.1041,\n",
      "          0.0901,  0.1009,  0.0887],\n",
      "        [ 0.1043,  0.1085,  0.1046,  0.0960,  0.0972,  0.1056,  0.1052,\n",
      "          0.0903,  0.0996,  0.0887]])\n",
      "epoch : 1 , batch:    44 , loss: 2.300\n",
      "tensor([[ 0.1036,  0.1088,  0.1044,  0.0955,  0.0966,  0.1064,  0.1047,\n",
      "          0.0901,  0.1009,  0.0891],\n",
      "        [ 0.1043,  0.1081,  0.1054,  0.0957,  0.0963,  0.1063,  0.1046,\n",
      "          0.0908,  0.0999,  0.0887],\n",
      "        [ 0.1044,  0.1083,  0.1050,  0.0949,  0.0973,  0.1062,  0.1046,\n",
      "          0.0906,  0.1003,  0.0884],\n",
      "        [ 0.1041,  0.1079,  0.1044,  0.0951,  0.0977,  0.1065,  0.1051,\n",
      "          0.0905,  0.1000,  0.0886]])\n",
      "epoch : 1 , batch:    45 , loss: 2.302\n",
      "tensor([[ 0.1041,  0.1088,  0.1049,  0.0949,  0.0976,  0.1053,  0.1066,\n",
      "          0.0908,  0.0988,  0.0883],\n",
      "        [ 0.1047,  0.1089,  0.1041,  0.0964,  0.0965,  0.1049,  0.1045,\n",
      "          0.0907,  0.1009,  0.0884],\n",
      "        [ 0.1043,  0.1079,  0.1049,  0.0948,  0.0979,  0.1059,  0.1049,\n",
      "          0.0906,  0.1003,  0.0884],\n",
      "        [ 0.1039,  0.1094,  0.1050,  0.0958,  0.0966,  0.1050,  0.1063,\n",
      "          0.0911,  0.0984,  0.0885]])\n",
      "epoch : 1 , batch:    46 , loss: 2.297\n",
      "tensor([[ 0.1047,  0.1077,  0.1053,  0.0952,  0.0973,  0.1062,  0.1050,\n",
      "          0.0902,  0.0995,  0.0890],\n",
      "        [ 0.1040,  0.1080,  0.1052,  0.0953,  0.0975,  0.1058,  0.1048,\n",
      "          0.0904,  0.1000,  0.0891],\n",
      "        [ 0.1054,  0.1083,  0.1047,  0.0960,  0.0970,  0.1050,  0.1049,\n",
      "          0.0904,  0.1000,  0.0883],\n",
      "        [ 0.1042,  0.1073,  0.1041,  0.0951,  0.0978,  0.1073,  0.1044,\n",
      "          0.0900,  0.1005,  0.0894]])\n",
      "epoch : 1 , batch:    47 , loss: 2.297\n",
      "tensor([[ 0.1037,  0.1080,  0.1053,  0.0955,  0.0965,  0.1062,  0.1047,\n",
      "          0.0903,  0.1009,  0.0889],\n",
      "        [ 0.1047,  0.1086,  0.1057,  0.0952,  0.0981,  0.1057,  0.1059,\n",
      "          0.0896,  0.0983,  0.0883],\n",
      "        [ 0.1052,  0.1087,  0.1040,  0.0943,  0.0971,  0.1057,  0.1046,\n",
      "          0.0903,  0.1011,  0.0889],\n",
      "        [ 0.1046,  0.1074,  0.1051,  0.0956,  0.0971,  0.1065,  0.1046,\n",
      "          0.0904,  0.0997,  0.0889]])\n",
      "epoch : 1 , batch:    48 , loss: 2.302\n",
      "tensor([[ 0.1045,  0.1079,  0.1053,  0.0949,  0.0970,  0.1067,  0.1048,\n",
      "          0.0901,  0.1001,  0.0888],\n",
      "        [ 0.1041,  0.1077,  0.1055,  0.0954,  0.0964,  0.1063,  0.1054,\n",
      "          0.0901,  0.1000,  0.0890],\n",
      "        [ 0.1049,  0.1078,  0.1052,  0.0952,  0.0974,  0.1062,  0.1046,\n",
      "          0.0904,  0.0996,  0.0888],\n",
      "        [ 0.1049,  0.1094,  0.1051,  0.0954,  0.0968,  0.1055,  0.1049,\n",
      "          0.0907,  0.0993,  0.0879]])\n",
      "epoch : 1 , batch:    49 , loss: 2.306\n",
      "tensor([[ 0.1043,  0.1080,  0.1052,  0.0949,  0.0975,  0.1060,  0.1054,\n",
      "          0.0902,  0.0997,  0.0887],\n",
      "        [ 0.1052,  0.1081,  0.1053,  0.0958,  0.0970,  0.1060,  0.1046,\n",
      "          0.0898,  0.0993,  0.0890],\n",
      "        [ 0.1048,  0.1090,  0.1043,  0.0948,  0.0978,  0.1059,  0.1050,\n",
      "          0.0900,  0.0993,  0.0891],\n",
      "        [ 0.1040,  0.1088,  0.1054,  0.0953,  0.0975,  0.1059,  0.1051,\n",
      "          0.0902,  0.0999,  0.0879]])\n",
      "epoch : 1 , batch:    50 , loss: 2.310\n",
      "tensor([[ 0.1049,  0.1093,  0.1046,  0.0945,  0.0973,  0.1046,  0.1074,\n",
      "          0.0897,  0.0997,  0.0879],\n",
      "        [ 0.1051,  0.1082,  0.1046,  0.0957,  0.0969,  0.1058,  0.1047,\n",
      "          0.0904,  0.0997,  0.0889],\n",
      "        [ 0.1045,  0.1091,  0.1053,  0.0950,  0.0973,  0.1047,  0.1056,\n",
      "          0.0901,  0.1000,  0.0884],\n",
      "        [ 0.1041,  0.1077,  0.1054,  0.0953,  0.0969,  0.1061,  0.1052,\n",
      "          0.0902,  0.0999,  0.0891]])\n",
      "epoch : 1 , batch:    51 , loss: 2.299\n",
      "tensor([[ 0.1051,  0.1076,  0.1046,  0.0951,  0.0976,  0.1058,  0.1055,\n",
      "          0.0903,  0.0995,  0.0888],\n",
      "        [ 0.1055,  0.1082,  0.1049,  0.0957,  0.0968,  0.1050,  0.1041,\n",
      "          0.0904,  0.1007,  0.0887],\n",
      "        [ 0.1042,  0.1082,  0.1039,  0.0944,  0.0979,  0.1056,  0.1067,\n",
      "          0.0906,  0.1003,  0.0883],\n",
      "        [ 0.1043,  0.1088,  0.1052,  0.0950,  0.0965,  0.1060,  0.1050,\n",
      "          0.0905,  0.1004,  0.0883]])\n",
      "epoch : 1 , batch:    52 , loss: 2.302\n",
      "tensor([[ 0.1045,  0.1095,  0.1036,  0.0947,  0.0971,  0.1051,  0.1056,\n",
      "          0.0906,  0.1001,  0.0891],\n",
      "        [ 0.1040,  0.1076,  0.1048,  0.0957,  0.0970,  0.1063,  0.1051,\n",
      "          0.0903,  0.1006,  0.0886],\n",
      "        [ 0.1051,  0.1094,  0.1046,  0.0949,  0.0969,  0.1046,  0.1063,\n",
      "          0.0904,  0.0989,  0.0891],\n",
      "        [ 0.1046,  0.1084,  0.1051,  0.0951,  0.0975,  0.1058,  0.1055,\n",
      "          0.0899,  0.0997,  0.0886]])\n",
      "epoch : 1 , batch:    53 , loss: 2.309\n",
      "tensor([[ 0.1056,  0.1085,  0.1052,  0.0952,  0.0974,  0.1053,  0.1049,\n",
      "          0.0902,  0.0993,  0.0883],\n",
      "        [ 0.1047,  0.1084,  0.1047,  0.0959,  0.0963,  0.1059,  0.1046,\n",
      "          0.0899,  0.1006,  0.0891],\n",
      "        [ 0.1052,  0.1083,  0.1048,  0.0951,  0.0962,  0.1062,  0.1045,\n",
      "          0.0903,  0.1009,  0.0885],\n",
      "        [ 0.1047,  0.1078,  0.1050,  0.0952,  0.0974,  0.1062,  0.1049,\n",
      "          0.0904,  0.0994,  0.0890]])\n",
      "epoch : 1 , batch:    54 , loss: 2.297\n",
      "tensor([[ 0.1038,  0.1078,  0.1046,  0.0944,  0.0973,  0.1067,  0.1050,\n",
      "          0.0907,  0.1006,  0.0890],\n",
      "        [ 0.1044,  0.1076,  0.1049,  0.0950,  0.0973,  0.1068,  0.1048,\n",
      "          0.0902,  0.1001,  0.0889],\n",
      "        [ 0.1041,  0.1084,  0.1049,  0.0949,  0.0965,  0.1061,  0.1051,\n",
      "          0.0910,  0.1005,  0.0886],\n",
      "        [ 0.1044,  0.1090,  0.1058,  0.0956,  0.0959,  0.1052,  0.1046,\n",
      "          0.0907,  0.1003,  0.0884]])\n",
      "epoch : 1 , batch:    55 , loss: 2.300\n",
      "tensor([[ 0.1042,  0.1083,  0.1058,  0.0958,  0.0968,  0.1054,  0.1047,\n",
      "          0.0910,  0.0998,  0.0883],\n",
      "        [ 0.1045,  0.1086,  0.1052,  0.0950,  0.0964,  0.1057,  0.1055,\n",
      "          0.0896,  0.1003,  0.0893],\n",
      "        [ 0.1047,  0.1082,  0.1035,  0.0951,  0.0969,  0.1058,  0.1056,\n",
      "          0.0905,  0.1009,  0.0887],\n",
      "        [ 0.1050,  0.1088,  0.1053,  0.0952,  0.0971,  0.1053,  0.1057,\n",
      "          0.0907,  0.0989,  0.0881]])\n",
      "epoch : 1 , batch:    56 , loss: 2.305\n",
      "tensor([[ 0.1036,  0.1091,  0.1055,  0.0949,  0.0969,  0.1057,  0.1069,\n",
      "          0.0897,  0.0993,  0.0884],\n",
      "        [ 0.1049,  0.1082,  0.1054,  0.0951,  0.0969,  0.1058,  0.1049,\n",
      "          0.0899,  0.1006,  0.0883],\n",
      "        [ 0.1038,  0.1081,  0.1053,  0.0947,  0.0971,  0.1065,  0.1058,\n",
      "          0.0900,  0.0998,  0.0889],\n",
      "        [ 0.1044,  0.1081,  0.1053,  0.0956,  0.0969,  0.1060,  0.1051,\n",
      "          0.0899,  0.0997,  0.0890]])\n",
      "epoch : 1 , batch:    57 , loss: 2.303\n",
      "tensor([[ 0.1036,  0.1087,  0.1056,  0.0954,  0.0972,  0.1053,  0.1061,\n",
      "          0.0903,  0.1000,  0.0879],\n",
      "        [ 0.1043,  0.1077,  0.1055,  0.0948,  0.0970,  0.1066,  0.1055,\n",
      "          0.0898,  0.0998,  0.0890],\n",
      "        [ 0.1047,  0.1080,  0.1044,  0.0952,  0.0972,  0.1063,  0.1047,\n",
      "          0.0899,  0.1006,  0.0889],\n",
      "        [ 0.1044,  0.1078,  0.1051,  0.0950,  0.0967,  0.1069,  0.1048,\n",
      "          0.0901,  0.1005,  0.0887]])\n",
      "epoch : 1 , batch:    58 , loss: 2.302\n",
      "tensor([[ 0.1038,  0.1075,  0.1057,  0.0957,  0.0972,  0.1060,  0.1051,\n",
      "          0.0910,  0.0999,  0.0881],\n",
      "        [ 0.1042,  0.1085,  0.1048,  0.0946,  0.0969,  0.1062,  0.1050,\n",
      "          0.0907,  0.1003,  0.0887],\n",
      "        [ 0.1053,  0.1083,  0.1047,  0.0951,  0.0965,  0.1061,  0.1043,\n",
      "          0.0899,  0.1004,  0.0894],\n",
      "        [ 0.1045,  0.1084,  0.1055,  0.0947,  0.0976,  0.1060,  0.1056,\n",
      "          0.0902,  0.0994,  0.0882]])\n",
      "epoch : 1 , batch:    59 , loss: 2.308\n",
      "tensor([[ 0.1043,  0.1088,  0.1058,  0.0951,  0.0961,  0.1060,  0.1052,\n",
      "          0.0905,  0.1000,  0.0881],\n",
      "        [ 0.1036,  0.1089,  0.1052,  0.0949,  0.0968,  0.1061,  0.1053,\n",
      "          0.0904,  0.1003,  0.0886],\n",
      "        [ 0.1045,  0.1084,  0.1044,  0.0946,  0.0971,  0.1064,  0.1048,\n",
      "          0.0899,  0.1010,  0.0888],\n",
      "        [ 0.1039,  0.1082,  0.1046,  0.0950,  0.0974,  0.1055,  0.1055,\n",
      "          0.0909,  0.1004,  0.0886]])\n",
      "epoch : 1 , batch:    60 , loss: 2.301\n",
      "tensor([[ 0.1047,  0.1071,  0.1051,  0.0958,  0.0965,  0.1064,  0.1043,\n",
      "          0.0902,  0.1009,  0.0889],\n",
      "        [ 0.1050,  0.1085,  0.1047,  0.0954,  0.0967,  0.1058,  0.1051,\n",
      "          0.0902,  0.1002,  0.0883],\n",
      "        [ 0.1037,  0.1076,  0.1054,  0.0954,  0.0967,  0.1064,  0.1044,\n",
      "          0.0909,  0.1007,  0.0887],\n",
      "        [ 0.1040,  0.1091,  0.1044,  0.0944,  0.0966,  0.1064,  0.1052,\n",
      "          0.0910,  0.1000,  0.0889]])\n",
      "epoch : 1 , batch:    61 , loss: 2.303\n",
      "tensor([[ 0.1047,  0.1085,  0.1048,  0.0955,  0.0968,  0.1052,  0.1055,\n",
      "          0.0900,  0.1003,  0.0887],\n",
      "        [ 0.1045,  0.1088,  0.1048,  0.0941,  0.0974,  0.1062,  0.1050,\n",
      "          0.0900,  0.1000,  0.0890],\n",
      "        [ 0.1053,  0.1083,  0.1053,  0.0949,  0.0964,  0.1063,  0.1047,\n",
      "          0.0901,  0.0999,  0.0888],\n",
      "        [ 0.1044,  0.1081,  0.1054,  0.0950,  0.0975,  0.1063,  0.1046,\n",
      "          0.0902,  0.0995,  0.0891]])\n",
      "epoch : 1 , batch:    62 , loss: 2.303\n",
      "tensor([[ 0.1046,  0.1097,  0.1051,  0.0945,  0.0960,  0.1052,  0.1067,\n",
      "          0.0901,  0.1001,  0.0881],\n",
      "        [ 0.1041,  0.1080,  0.1052,  0.0953,  0.0975,  0.1056,  0.1061,\n",
      "          0.0905,  0.0993,  0.0884],\n",
      "        [ 0.1040,  0.1077,  0.1051,  0.0955,  0.0975,  0.1067,  0.1050,\n",
      "          0.0902,  0.0995,  0.0887],\n",
      "        [ 0.1044,  0.1084,  0.1051,  0.0954,  0.0974,  0.1055,  0.1055,\n",
      "          0.0911,  0.0991,  0.0881]])\n",
      "epoch : 1 , batch:    63 , loss: 2.304\n",
      "tensor([[ 0.1047,  0.1078,  0.1048,  0.0952,  0.0969,  0.1061,  0.1048,\n",
      "          0.0902,  0.1002,  0.0894],\n",
      "        [ 0.1053,  0.1087,  0.1053,  0.0947,  0.0973,  0.1047,  0.1060,\n",
      "          0.0908,  0.0989,  0.0883],\n",
      "        [ 0.1039,  0.1081,  0.1047,  0.0955,  0.0978,  0.1058,  0.1049,\n",
      "          0.0908,  0.1005,  0.0880],\n",
      "        [ 0.1047,  0.1088,  0.1044,  0.0955,  0.0970,  0.1055,  0.1053,\n",
      "          0.0902,  0.0990,  0.0894]])\n",
      "epoch : 1 , batch:    64 , loss: 2.300\n",
      "tensor([[ 0.1053,  0.1085,  0.1050,  0.0956,  0.0970,  0.1047,  0.1042,\n",
      "          0.0904,  0.1004,  0.0890],\n",
      "        [ 0.1049,  0.1084,  0.1064,  0.0955,  0.0966,  0.1055,  0.1053,\n",
      "          0.0907,  0.0991,  0.0875],\n",
      "        [ 0.1052,  0.1078,  0.1049,  0.0949,  0.0978,  0.1065,  0.1045,\n",
      "          0.0899,  0.0993,  0.0890],\n",
      "        [ 0.1042,  0.1078,  0.1057,  0.0945,  0.0976,  0.1065,  0.1049,\n",
      "          0.0897,  0.1002,  0.0889]])\n",
      "epoch : 1 , batch:    65 , loss: 2.301\n",
      "tensor([[ 0.1047,  0.1078,  0.1051,  0.0950,  0.0975,  0.1067,  0.1046,\n",
      "          0.0906,  0.0996,  0.0884],\n",
      "        [ 0.1056,  0.1090,  0.1054,  0.0934,  0.0971,  0.1070,  0.1043,\n",
      "          0.0893,  0.1005,  0.0884],\n",
      "        [ 0.1037,  0.1080,  0.1052,  0.0954,  0.0969,  0.1057,  0.1058,\n",
